m1 =17e-3;
m2 = 28e-3;
m3 = 2e-3;
m4 = 18e-3;
m5 = 75e-3;
m6 = 52e-3;
m7 = 18e-3;

% base pcb
a1 = 9e-2;
b1 = 9e-2;
h1 = 0.2e-2;
dm1 = 4.5e-2;
% pcb + elec
a2 = 9e-2;
b2 = 9e-2;
h2 = 0.2e-2;
dm2 = 3.2e-2;
% soprtes bat
a3 = 1e-2;
b3 = 1e-2;
h3 = 4e-2;
dm3 = 1.9e-2;
% base bat
a4 = 9e-2;
b4 = 9e-2;
h4 = 0.2e-2;
dm4 = 0.5e-2;
% bat
a5 = 5e-2;
b5 = 3.5e-2;
h5 = 1.7e-2;
dm5 = 2.3e-2;
% motor
r6 = 3.5e-2;
h6 = 1.4e-2;
dm6 = 5.3e-2;
% soporte motor
r7 = 6.3e-2;
h7 = 0.2e-2;
dm7 = 5.5e-2;

Iy1 = (1/12)*m1*(a1^2+h1^2)
Iy2 = (1/12)*m2*(a2^2+h2^2)
Iy3 = (1/12)*m3*(a3^2+h3^2)
Iy4 = (1/12)*m4*(a4^2+h4^2)
Iy5 = (1/12)*m5*(a5^2+h5^2)
Iy6 = (1/4)*m6*(r6^2)
Iy7 = (1/4)*m7*(r7^2)
%%%%%%%%%%%%%%%%%%%%%%%%%%%%%%%%
Iz1 = (1/12)*m1*(a1^2+b1^2);
Iz2 = (1/12)*m2*(a1^2+b1^2);
Iz3 = (1/12)*m3*(a3^2+b3^2);
Iz4 = (1/12)*m4*(a1^2+b1^2);
Iz5 = (1/12)*m5*(a5^2+b5^2);
Iz6 = (1/2)*m6*(r6^2);
Iz7 = (1/2)*m7*(r7^2);

Ix5 = (1/12)*m5*(b5^2+h5^2)

Izt = Iz1+Iz2+Iz3+Iz4+Iz5+Iz6+Iz7
Iyt = (Iy1+m1*dm1^2)+(Iy2+m2*dm2^2)+(Iy3+m3*dm3^2)+(Iy4+m4*dm4^2)+(Iy5+m5*dm5^2)+(Iy6+m6*dm6^2)+(Iy7+m7*dm7^2)
Iyt = (Iy1+m1*dm1^2)+(Iy2+m2*dm2^2)+(Iy3+m3*dm3^2)+(Iy4+m4*dm4^2)+(Ix5+m5*dm5^2)+(Iy6+m6*dm6^2)+(Iy7+m7*dm7^2)